              precision    recall  f1-score   support

       akiec     0.1502    0.5846    0.2390        65
         bcc     0.1898    0.3981    0.2571       103
         bkl     0.3273    0.0818    0.1309       220
          df     0.0309    0.6522    0.0591        23
         mel     0.2444    0.1480    0.1844       223
          nv     0.8946    0.3736    0.5271      1341
        vasc     0.0334    0.3571    0.0612        28

    accuracy                         0.3275      2003
   macro avg     0.2672    0.3708    0.2084      2003
weighted avg     0.6776    0.3275    0.4103      2003
